  time (s)              T(t) (K)              P(t) (Pa)           Kinetic En. (n.u.)     Potential En. (n.u.) Total En. (n.u.)
  0.0000e+00           99.97741283            0.00000000        5276.96679118            0.00000000         5276.96679118 
  5.0000e-15           99.99285917            0.00000000        5277.78207389            0.00000000         5277.78207389 
  1.0000e-14          100.02633904            0.00000000        5279.54919448            0.00000000         5279.54919448 
  1.5000e-14          100.07785243            0.00000000        5282.26815295            0.00000000         5282.26815295 
  2.0000e-14          100.14739933            0.00000000        5285.93894930            0.00000000         5285.93894930 
  2.5000e-14          100.23497976            0.00000000        5290.56158353            0.00000000         5290.56158353 
  3.0000e-14          100.34059371            0.00000000        5296.13605565            0.00000000         5296.13605565 
  3.5000e-14          100.46424118            0.00000000        5302.66236564            0.00000000         5302.66236564 
  4.0000e-14          100.60592217            0.00000000        5310.14051352            0.00000000         5310.14051352 
  4.5000e-14          100.76563668            0.00000000        5318.57049927            0.00000000         5318.57049927 
  5.0000e-14          100.94338471            0.00000000        5327.95232291            0.00000000         5327.95232291 
  5.5000e-14          101.13916626            0.00000000        5338.28598443            0.00000000         5338.28598443 
  6.0000e-14          101.35298133            0.00000000        5349.57148383            0.00000000         5349.57148383 
  6.5000e-14          101.58482992            0.00000000        5361.80882111            0.00000000         5361.80882111 
  7.0000e-14          101.83471204            0.00000000        5374.99799627            0.00000000         5374.99799627 
  7.5000e-14          102.10262767            0.00000000        5389.13900931            0.00000000         5389.13900931 
  8.0000e-14          102.38857682            0.00000000        5404.23186023            0.00000000         5404.23186023 
  8.5000e-14          102.69255950            0.00000000        5420.27654903            0.00000000         5420.27654903 
  9.0000e-14          103.01457569            0.00000000        5437.27307572            0.00000000         5437.27307572 
  9.5000e-14          103.35462541            0.00000000        5455.22144028            0.00000000         5455.22144028 
  1.0000e-13          103.71270864            0.00000000        5474.12164273            0.00000000         5474.12164273 
  1.0500e-13          104.08882540            0.00000000        5493.97368305            0.00000000         5493.97368305 
  1.1000e-13          104.48297568            0.00000000        5514.77756126            0.00000000         5514.77756126 
  1.1500e-13          104.89515947            0.00000000        5536.53327735            0.00000000         5536.53327735 
  1.2000e-13          105.32537679            0.00000000        5559.24083132            0.00000000         5559.24083132 
  1.2500e-13          105.77362763            0.00000000        5582.90022317            0.00000000         5582.90022317 
  1.3000e-13          106.23991199            0.00000000        5607.51145290            0.00000000         5607.51145290 
  1.3500e-13          106.72422987            0.00000000        5633.07452051            0.00000000         5633.07452051 
  1.4000e-13          107.22658127            0.00000000        5659.58942600            0.00000000         5659.58942600 
  1.4500e-13          107.74696618            0.00000000        5687.05616937            0.00000000         5687.05616937 
  1.5000e-13          108.28538463            0.00000000        5715.47475063            0.00000000         5715.47475063 
  1.5500e-13          108.84183659            0.00000000        5744.84516976            0.00000000         5744.84516976 
  1.6000e-13          109.41632207            0.00000000        5775.16742678            0.00000000         5775.16742678 
  1.6500e-13          110.00884107            0.00000000        5806.44152168            0.00000000         5806.44152168 
  1.7000e-13          110.61939359            0.00000000        5838.66745445            0.00000000         5838.66745445 
  1.7500e-13          111.24797963            0.00000000        5871.84522511            0.00000000         5871.84522511 
  1.8000e-13          111.89459920            0.00000000        5905.97483365            0.00000000         5905.97483365 
  1.8500e-13          112.55925228            0.00000000        5941.05628007            0.00000000         5941.05628007 
  1.9000e-13          113.24193889            0.00000000        5977.08956437            0.00000000         5977.08956437 
  1.9500e-13          113.94265901            0.00000000        6014.07468656            0.00000000         6014.07468656 
  2.0000e-13          114.66141266            0.00000000        6052.01164662            0.00000000         6052.01164662 
  2.0500e-13          115.39819982            0.00000000        6090.90044456            0.00000000         6090.90044456 
  2.1000e-13          116.15302051            0.00000000        6130.74108039            0.00000000         6130.74108039 
  2.1500e-13          116.92587472            0.00000000        6171.53355409            0.00000000         6171.53355409 
  2.2000e-13          117.71676244            0.00000000        6213.27786568            0.00000000         6213.27786568 
  2.2500e-13          118.52568369            0.00000000        6255.97401515            0.00000000         6255.97401515 
  2.3000e-13          119.35263846            0.00000000        6299.62200249            0.00000000         6299.62200249 
  2.3500e-13          120.19762675            0.00000000        6344.22182772            0.00000000         6344.22182772 
  2.4000e-13          121.06064856            0.00000000        6389.77349083            0.00000000         6389.77349083 
  2.4500e-13          121.94170389            0.00000000        6436.27699182            0.00000000         6436.27699182 
  2.5000e-13          122.84079274            0.00000000        6483.73233069            0.00000000         6483.73233069 
  2.5500e-13          123.75791511            0.00000000        6532.13950745            0.00000000         6532.13950745 
  2.6000e-13          124.69307100            0.00000000        6581.49852208            0.00000000         6581.49852208 
  2.6500e-13          125.64626041            0.00000000        6631.80937459            0.00000000         6631.80937459 
  2.7000e-13          126.61748334            0.00000000        6683.07206499            0.00000000         6683.07206499 
  2.7500e-13          127.60673980            0.00000000        6735.28659327            0.00000000         6735.28659327 
  2.8000e-13          128.61402977            0.00000000        6788.45295942            0.00000000         6788.45295942 
  2.8500e-13          129.63935326            0.00000000        6842.57116346            0.00000000         6842.57116346 
  2.9000e-13          130.68271028            0.00000000        6897.64120538            0.00000000         6897.64120538 
  2.9500e-13          131.74410081            0.00000000        6953.66308518            0.00000000         6953.66308518 
  3.0000e-13          132.82352487            0.00000000        7010.63680286            0.00000000         7010.63680286 
  3.0500e-13          133.92098244            0.00000000        7068.56235842            0.00000000         7068.56235842 
  3.1000e-13          135.03647354            0.00000000        7127.43975186            0.00000000         7127.43975186 
  3.1500e-13          136.16999816            0.00000000        7187.26898318            0.00000000         7187.26898318 
  3.2000e-13          137.32155629            0.00000000        7248.05005239            0.00000000         7248.05005239 
  3.2500e-13          138.49114795            0.00000000        7309.78295947            0.00000000         7309.78295947 
  3.3000e-13          139.67877313            0.00000000        7372.46770444            0.00000000         7372.46770444 
  3.3500e-13          140.88443183            0.00000000        7436.10428728            0.00000000         7436.10428728 
  3.4000e-13          142.10812405            0.00000000        7500.69270801            0.00000000         7500.69270801 
  3.4500e-13          143.34984979            0.00000000        7566.23296662            0.00000000         7566.23296662 
  3.5000e-13          144.60960905     80863272.91705050        7632.72506311            0.00000000         7632.72506311 
  3.5500e-13          145.88425889     83915427.55356684        7700.00310832            0.00000000         7700.00310832 
  3.6000e-13          147.17305330            0.00000000        7768.02772605            0.00000000         7768.02772605 
  3.6500e-13          148.47988123            0.00000000        7837.00418166            0.00000000         7837.00418166 
  3.7000e-13          149.80474267    236604716.26066405        7906.93247516            0.00000000         7906.93247516 
  3.7500e-13          151.13843285    159724689.60715401        7977.32676267            0.00000000         7977.32676267 
  3.8000e-13          152.48334762    550697476.09681773        8048.31350275            0.00000000         8048.31350275 
  3.8500e-13          153.82365710    154405714.83547664        8119.05716796            0.00000000         8119.05716796 
  3.9000e-13          155.17600955    229943626.98068246        8190.43648010            0.00000000         8190.43648010 
  3.9500e-13          156.53744814    156037110.03466800        8262.29537321            0.00000000         8262.29537321 
  4.0000e-13          157.91026630    151673554.53668225        8334.75489804            0.00000000         8334.75489804 
  4.0500e-13          159.29520916    301599270.06976330        8407.85438396            0.00000000         8407.85438396 
  4.1000e-13          160.68641484    381257660.86772132        8481.28443145            0.00000000         8481.28443145 
  4.1500e-13          162.07967573    534323791.05170965        8554.82295624            0.00000000         8554.82295624 
  4.2000e-13          163.46792865    682198520.82926691        8628.09715264            0.00000000         8628.09715264 
  4.2500e-13          164.84483445     73350531.08549938        8700.77242966            0.00000000         8700.77242966 
  4.3000e-13          166.23689437    223985804.34215161        8774.24756535            0.00000000         8774.24756535 
  4.3500e-13          167.63772810     76698069.02050553        8848.18579665            0.00000000         8848.18579665 
  4.4000e-13          169.05303976    514826264.85342848        8922.88819599            0.00000000         8922.88819599 
  4.4500e-13          170.46513103    440741367.17690063        8997.42061785            0.00000000         8997.42061785 
  4.5000e-13          171.87692269    358620222.70036751        9071.93722645            0.00000000         9071.93722645 
  4.5500e-13          173.29269903    588101944.57824910        9146.66415211            0.00000000         9146.66415211 
  4.6000e-13          174.70139089    795361565.67094827        9221.01714836            0.00000000         9221.01714836 
  4.6500e-13          176.09543847    859130689.81326878        9294.59719548            0.00000000         9294.59719548 
  4.7000e-13          177.47293123    780045163.37391698        9367.30345365            0.00000000         9367.30345365 
  4.7500e-13          178.83759948    715470423.60304403        9439.33281335            0.00000000         9439.33281335 
  4.8000e-13          180.19084825    568859976.28628325        9510.75943463            0.00000000         9510.75943463 
  4.8500e-13          181.53888185    566454198.37607837        9581.91079138            0.00000000         9581.91079138 
  4.9000e-13          182.88187493    841976821.18907714        9652.79610090            0.00000000         9652.79610090 
  4.9500e-13          184.20913565    770438108.87000704        9722.85103177            0.00000000         9722.85103177 
  5.0000e-13          185.52334951    773458277.99771655        9792.21732849            0.00000000         9792.21732849 
  5.0500e-13          186.82384827    628791349.08702493        9860.85972102            0.00000000         9860.85972102 
  5.1000e-13          188.11686346    842330517.99643612        9929.10711819            0.00000000         9929.10711819 
  5.1500e-13          189.39301784   1391171768.94028139        9996.46457526            0.00000000         9996.46457526 
  5.2000e-13          190.63035617    682419560.33195245       10061.77325913            0.00000000        10061.77325913 
  5.2500e-13          191.85915296    688880535.97350800       10126.63110717            0.00000000        10126.63110717 
  5.3000e-13          193.07817714    833145464.17423213       10190.97314153            0.00000000        10190.97314153 
  5.3500e-13          194.28072064    700719652.79274392       10254.44529907            0.00000000        10254.44529907 
  5.4000e-13          195.47133182   1022183709.13842452       10317.28765001            0.00000000        10317.28765001 
  5.4500e-13          196.63922701   1235550513.77498889       10378.93101481            0.00000000        10378.93101481 
  5.5000e-13          197.77488315    890194405.19489312       10438.87275139            0.00000000        10438.87275139 
  5.5500e-13          198.89223895   1051509653.19621253       10497.84856686            0.00000000        10497.84856686 
  5.6000e-13          199.98192349    747681875.90655458       10555.36384953            0.00000000        10555.36384953 
  5.6500e-13          201.05939393   1184474697.78953338       10612.23445189            0.00000000        10612.23445189 
  5.7000e-13          202.10383683    758067683.27416039       10667.36180860            0.00000000        10667.36180860 
  5.7500e-13          203.13426495    805352052.95443690       10721.74944292            0.00000000        10721.74944292 
  5.8000e-13          204.15082270    825473123.63423729       10775.40497756            0.00000000        10775.40497756 
  5.8500e-13          205.15053485   1624442857.91387081       10828.17137401            0.00000000        10828.17137401 
  5.9000e-13          206.10192829   1027849374.26886714       10878.38743202            0.00000000        10878.38743202 
  5.9500e-13          207.02813302    811692783.33736670       10927.27399038            0.00000000        10927.27399038 
  6.0000e-13          207.93915151   1079641967.28235841       10975.35899455            0.00000000        10975.35899455 
  6.0500e-13          208.82413711   1023963767.93919492       11022.06994151            0.00000000        11022.06994151 
  6.1000e-13          209.68411221   1097793011.38579249       11067.46079417            0.00000000        11067.46079417 
  6.1500e-13          210.51528017   1006643708.48113739       11111.33116047            0.00000000        11111.33116047 
  6.2000e-13          211.32370499   1739882542.70552874       11154.00110780            0.00000000        11154.00110780 
  6.2500e-13          212.07979127   1075998762.89748335       11193.90854386            0.00000000        11193.90854386 
  6.3000e-13          212.80988691   1009086373.77424085       11232.44415243            0.00000000        11232.44415243 
  6.3500e-13          213.51664639   1468711151.12358356       11269.74804143            0.00000000        11269.74804143 
  6.4000e-13          214.18217337   1336322231.82684851       11304.87561340            0.00000000        11304.87561340 
  6.4500e-13          214.81171750   1066095647.35843003       11338.10395324            0.00000000        11338.10395324 
  6.5000e-13          215.41627333   1160192753.16803908       11370.01337121            0.00000000        11370.01337121 
  6.5500e-13          215.98957211    534692039.17746693       11400.27299213            0.00000000        11400.27299213 
  6.6000e-13          216.55910253   1007225728.06678331       11430.33371305            0.00000000        11430.33371305 
  6.6500e-13          217.10537461   1352447803.42005992       11459.16682183            0.00000000        11459.16682183 
  6.7000e-13          217.61334854    993862653.84864461       11485.97849356            0.00000000        11485.97849356 
  6.7500e-13          218.09965998    962512112.92162228       11511.64678440            0.00000000        11511.64678440 
  6.8000e-13          218.56238174   1219853164.81752539       11536.06997491            0.00000000        11536.06997491 
  6.8500e-13          218.99198289    791013073.10620832       11558.74500632            0.00000000        11558.74500632 
  6.9000e-13          219.40827519    673569626.77461207       11580.71757580            0.00000000        11580.71757580 
  6.9500e-13          219.81470751    666162207.71119559       11602.16971950            0.00000000        11602.16971950 
  7.0000e-13          220.21227702    774376084.69163072       11623.15407068            0.00000000        11623.15407068 
  7.0500e-13          220.59294854    995913351.39335513       11643.24651850            0.00000000        11643.24651850 
  7.1000e-13          220.95175251   1007260201.25402737       11662.18476262            0.00000000        11662.18476262 
  7.1500e-13          221.28723747    958380960.14969981       11679.89219202            0.00000000        11679.89219202 
  7.2000e-13          221.59981425   1013623213.08667803       11696.39049138            0.00000000        11696.39049138 
  7.2500e-13          221.88831273   1071756856.15054166       11711.61789964            0.00000000        11711.61789964 
  7.3000e-13          222.15111123   1284574607.68262506       11725.48882261            0.00000000        11725.48882261 
  7.3500e-13          222.37865963   1074453478.27053905       11737.49918853            0.00000000        11737.49918853 
  7.4000e-13          222.58031236   1134134699.03152251       11748.14274059            0.00000000        11748.14274059 
  7.4500e-13          222.75421694    530719918.84954834       11757.32170063            0.00000000        11757.32170063 
  7.5000e-13          222.92501336    886747709.93955362       11766.33660696            0.00000000        11766.33660696 
  7.5500e-13          223.07663920    808202248.59819591       11774.33966019            0.00000000        11774.33966019 
  7.6000e-13          223.21326091   1063887696.45958638       11781.55077096            0.00000000        11781.55077096 
  7.6500e-13          223.32550451    866451689.89881623       11787.47516653            0.00000000        11787.47516653 
  7.7000e-13          223.42104781    605771358.09783816       11792.51809419            0.00000000        11792.51809419 
  7.7500e-13          223.50990205    401408195.44918752       11797.20796226            0.00000000        11797.20796226 
  7.8000e-13          223.60066164   1011499209.11416185       11801.99839749            0.00000000        11801.99839749 
  7.8500e-13          223.66807677    804598010.51431370       11805.55667554            0.00000000        11805.55667554 
  7.9000e-13          223.72115526    870184764.65131211       11808.35824258            0.00000000        11808.35824258 
  7.9500e-13          223.75741719   1070342882.75959313       11810.27220491            0.00000000        11810.27220491 
  8.0000e-13          223.76894944    476988933.46471125       11810.88089516            0.00000000        11810.88089516 
  8.0500e-13          223.77886190    601718138.63640749       11811.40409062            0.00000000        11811.40409062 
  8.1000e-13          223.78287563    683603351.71381974       11811.61594176            0.00000000        11811.61594176 
  8.1500e-13          223.77662756   1101666488.84518194       11811.28615843            0.00000000        11811.28615843 
  8.2000e-13          223.74231196    543866017.30616248       11809.47492657            0.00000000        11809.47492657 
  8.2500e-13          223.70384633    736255513.91232920       11807.44464966            0.00000000        11807.44464966 
  8.3000e-13          223.65427044    332722388.36092448       11804.82795526            0.00000000        11804.82795526 
  8.3500e-13          223.60973826    804764072.06888950       11802.47747611            0.00000000        11802.47747611 
  8.4000e-13          223.55142415    879678399.80485737       11799.39956447            0.00000000        11799.39956447 
  8.4500e-13          223.47586751    539984358.84238625       11795.41156473            0.00000000        11795.41156473 
  8.5000e-13          223.39680103    807520546.20263207       11791.23831064            0.00000000        11791.23831064 
  8.5500e-13          223.30381424    676047825.12259126       11786.33032007            0.00000000        11786.33032007 
  8.6000e-13          223.20195899    733568714.00215542       11780.95423779            0.00000000        11780.95423779 
  8.6500e-13          223.08968852    343233076.47960752       11775.02842406            0.00000000        11775.02842406 
  8.7000e-13          222.98151598    625598960.21277535       11769.31890510            0.00000000        11769.31890510 
  8.7500e-13          222.86543861    760832772.91139269       11763.19215717            0.00000000        11763.19215717 
  8.8000e-13          222.73615016    679326767.62784505       11756.36810705            0.00000000        11756.36810705 
  8.8500e-13          222.59792416    814749121.65083218       11749.07231932            0.00000000        11749.07231932 
  8.9000e-13          222.44546152    555259045.78307140       11741.02509885            0.00000000        11741.02509885 
  8.9500e-13          222.28830602    547241986.63042462       11732.73018148            0.00000000        11732.73018148 
  9.0000e-13          222.12734713    782265057.79267180       11724.23451527            0.00000000        11724.23451527 
  9.0500e-13          221.95120608    744420386.65685594       11714.93751087            0.00000000        11714.93751087 
  9.1000e-13          221.76407890    347488010.74259925       11705.06064057            0.00000000        11705.06064057 
  9.1500e-13          221.58083861    416329436.47223401       11695.38892675            0.00000000        11695.38892675 
  9.2000e-13          221.39877741    406561704.63832951       11685.77944762            0.00000000        11685.77944762 
  9.2500e-13          221.21896046    550789121.15272927       11676.28842278            0.00000000        11676.28842278 
  9.3000e-13          221.03525465            0.00000000       11666.59213801            0.00000000        11666.59213801 
  9.3500e-13          220.86958236    416464128.58215088       11657.84769112            0.00000000        11657.84769112 
  9.4000e-13          220.70524011    410499025.53251892       11649.17344625            0.00000000        11649.17344625 
  9.4500e-13          220.54295517    486707784.98250097       11640.60778914            0.00000000        11640.60778914 
  9.5000e-13          220.37923058    420557630.25613189       11631.96614465            0.00000000        11631.96614465 
  9.5500e-13          220.21657800    547783774.40961087       11623.38108298            0.00000000        11623.38108298 
  9.6000e-13          220.05074777    420915768.08637673       11614.62829999            0.00000000        11614.62829999 
  9.6500e-13          219.88602081    207015606.30562413       11605.93374894            0.00000000        11605.93374894 
  9.7000e-13          219.73123277    206577773.86051926       11597.76379027            0.00000000        11597.76379027 
  9.7500e-13          219.58647161    576417900.75720823       11590.12306618            0.00000000        11590.12306618 
  9.8000e-13          219.43565353    215813048.04366770       11582.16264821            0.00000000        11582.16264821 
  9.8500e-13          219.29391574    216290207.95422900       11574.68150208            0.00000000        11574.68150208 
  9.9000e-13          219.16124315    347501587.52959746       11567.67883219            0.00000000        11567.67883219 
  9.9500e-13          219.03305741     69501122.09237848       11560.91298463            0.00000000        11560.91298463 
  1.0000e-12          218.92020969    138900434.93095127       11554.95670265            0.00000000        11554.95670265 
